0.000000	0.238372	0.201835	0.229167	0.197581	0.218750	0.157303	0.207317	0.229885	0.243243	0.188285	0.208511	0.179577	0.201794	0.233463	0.262590	0.232484	0.247024	0.216495	0.230769	0.220588	0.196787	0.241525	0.236434	0.238281	0.245968	0.215686	0.206349	0.286517	0.235294	0.229572	0.207612	0.234114	0.261044	0.229665	0.217984	0.208000	0.230769	0.188034	0.247059	0.171103	0.276667	0.232143	0.200565	0.257576	0.209402	0.221843	0.205279	0.176030	0.246269	0.192661	0.212963	0.244713	0.237537	0.188011	0.210526	0.173184	0.180617	0.227074	0.217712	
0.238372	0.000000	0.180556	0.134831	0.178082	0.175532	0.164634	0.251309	0.217687	0.192661	0.216216	0.212903	0.195980	0.167742	0.246753	0.193182	0.185393	0.135922	0.165746	0.283333	0.140351	0.165468	0.142857	0.134615	0.200000	0.196532	0.213483	0.177515	0.196970	0.197802	0.274390	0.228916	0.209040	0.195833	0.246575	0.171429	0.140127	0.193370	0.182320	0.229814	0.220588	0.216590	0.238938	0.248945	0.211679	0.173611	0.255230	0.187845	0.209677	0.223602	0.140741	0.199134	0.210300	0.215768	0.184502	0.149254	0.193798	0.209581	0.247126	0.231579	
0.201835	0.180556	0.000000	0.160622	0.144796	0.232955	0.146597	0.163180	0.157534	0.221277	0.153846	0.196721	0.199170	0.158371	0.202186	0.183333	0.145299	0.155844	0.274074	0.239264	0.116071	0.205128	0.220833	0.156425	0.143460	0.174672	0.192308	0.106383	0.136000	0.176471	0.228571	0.221675	0.179167	0.179348	0.143678	0.145907	0.146789	0.215190	0.209459	0.161074	0.168421	0.232759	0.179245	0.174419	0.243523	0.187845	0.175676	0.225941	0.192825	0.189815	0.168269	0.173387	0.161943	0.179310	0.216000	0.173913	0.230263	0.152047	0.196891	0.179775	
0.229167	0.134831	0.160622	0.000000	0.199301	0.201681	0.194946	0.212851	0.211957	0.217687	0.220930	0.197531	0.163265	0.176471	0.199187	0.213710	0.200000	0.204969	0.169591	0.219101	0.186992	0.246637	0.174603	0.228972	0.182692	0.242798	0.236515	0.251029	0.188406	0.211382	0.235000	0.190871	0.189516	0.217573	0.233766	0.184049	0.176471	0.197115	0.190972	0.173684	0.186441	0.246212	0.188034	0.216763	0.208738	0.190045	0.200820	0.188889	0.205797	0.218487	0.147541	0.197232	0.203390	0.236842	0.219880	0.239819	0.213793	0.197970	0.219731	0.241667	
0.197581	0.178082	0.144796	0.199301	0.000000	0.193133	0.123457	0.203571	0.195556	0.224832	0.169960	0.208661	0.198630	0.204878	0.215569	0.222591	0.186207	0.186944	0.210526	0.222222	0.152000	0.199153	0.204013	0.163793	0.236607	0.208511	0.241107	0.176190	0.189744	0.221790	0.229008	0.222222	0.206780	0.197309	0.217391	0.255875	0.171548	0.217228	0.186722	0.241706	0.191011	0.185771	0.167260	0.135501	0.207254	0.192661	0.185714	0.182692	0.207483	0.194030	0.185185	0.141243	0.258786	0.204819	0.210526	0.181102	0.153005	0.204461	0.241758	0.222603	
0.218750	0.175532	0.232955	0.201681	0.193133	0.000000	0.173387	0.237069	0.265537	0.177122	0.167464	0.200000	0.217778	0.234637	0.219178	0.251064	0.179372	0.252669	0.273684	0.190789	0.195122	0.251309	0.199234	0.257576	0.211864	0.247573	0.241860	0.211454	0.248000	0.217195	0.220513	0.226337	0.235043	0.212670	0.253807	0.214984	0.214953	0.295455	0.191388	0.181818	0.228700	0.212000	0.186047	0.179310	0.177143	0.263636	0.199153	0.230189	0.209220	0.307359	0.189024	0.190840	0.213058	0.226804	0.234323	0.162602	0.193370	0.216667	0.228723	0.234310	
0.157303	0.164634	0.146597	0.194946	0.123457	0.173387	0.000000	0.183391	0.190722	0.191558	0.173333	0.214022	0.180147	0.201717	0.199346	0.217213	0.197026	0.169444	0.208092	0.202128	0.169492	0.210317	0.213287	0.160494	0.221719	0.185185	0.222628	0.173469	0.198582	0.164751	0.223077	0.208054	0.225705	0.215190	0.220000	0.208219	0.178988	0.233083	0.186620	0.235632	0.210714	0.229572	0.166078	0.168449	0.236111	0.184100	0.138340	0.204142	0.203279	0.181495	0.164948	0.146479	0.249275	0.180982	0.198953	0.151943	0.194737	0.213710	0.184100	0.221477	
0.207317	0.251309	0.163180	0.212851	0.203571	0.237069	0.183391	0.000000	0.147619	0.208861	0.185185	0.169065	0.196078	0.181818	0.202847	0.204545	0.218750	0.184358	0.225641	0.175824	0.163121	0.240964	0.234114	0.224409	0.192825	0.248120	0.233184	0.183575	0.235294	0.244980	0.237154	0.203883	0.237654	0.222222	0.196653	0.222222	0.217993	0.269784	0.200855	0.201970	0.178030	0.228188	0.232975	0.202740	0.259259	0.232759	0.241270	0.193452	0.213523	0.250825	0.175439	0.181538	0.220238	0.209809	0.211640	0.233813	0.181250	0.160000	0.213235	0.241497	
0.229885	0.217687	0.157534	0.211957	0.195556	0.265537	0.190722	0.147619	0.000000	0.198276	0.164773	0.167442	0.178404	0.222222	0.185185	0.155914	0.222222	0.193694	0.133858	0.171429	0.062500	0.188312	0.204167	0.223301	0.258824	0.210843	0.160622	0.176471	0.200000	0.141104	0.239631	0.192308	0.222222	0.259615	0.185393	0.206767	0.153846	0.236715	0.223776	0.224852	0.213115	0.241935	0.232227	0.197674	0.203704	0.218905	0.223301	0.271493	0.204545	0.231111	0.192308	0.222222	0.247967	0.245455	0.233051	0.259740	0.238095	0.207101	0.275132	0.262443	
0.243243	0.192661	0.221277	0.217687	0.224832	0.177122	0.191558	0.208861	0.198276	0.000000	0.193050	0.215947	0.190625	0.233333	0.266234	0.237500	0.205387	0.208914	0.221277	0.260090	0.171233	0.200000	0.243506	0.183099	0.237037	0.232558	0.267148	0.180258	0.220430	0.239700	0.202247	0.212219	0.207006	0.183673	0.208333	0.230198	0.174825	0.258555	0.220149	0.263830	0.200000	0.213650	0.186335	0.208333	0.183908	0.237354	0.219136	0.231975	0.265714	0.265517	0.194313	0.165663	0.235632	0.237968	0.206983	0.201413	0.208955	0.201413	0.258900	0.217252	
0.188285	0.216216	0.153846	0.220930	0.169960	0.167464	0.173333	0.185185	0.164773	0.193050	0.000000	0.209402	0.183908	0.173913	0.208661	0.240678	0.180258	0.191275	0.203704	0.221477	0.181102	0.197674	0.216028	0.186603	0.198276	0.203791	0.241860	0.167568	0.193548	0.236364	0.271357	0.153110	0.170819	0.223881	0.184466	0.189802	0.190698	0.237500	0.214876	0.210526	0.190476	0.231034	0.196429	0.210366	0.246445	0.183673	0.186047	0.204301	0.184127	0.244186	0.157635	0.200658	0.157706	0.193939	0.188272	0.205426	0.212121	0.206186	0.211712	0.173160	
0.208511	0.212903	0.196721	0.197531	0.208661	0.200000	0.214022	0.169065	0.167442	0.215947	0.209402	0.000000	0.137097	0.206478	0.225080	0.181416	0.182171	0.231013	0.232143	0.194286	0.184211	0.224806	0.214789	0.236162	0.215470	0.254717	0.199170	0.159763	0.243094	0.223684	0.241706	0.171053	0.238994	0.222222	0.218487	0.213068	0.132353	0.254717	0.192488	0.189320	0.146617	0.200617	0.235294	0.218391	0.237288	0.240741	0.257246	0.179710	0.174658	0.252595	0.204678	0.160256	0.213650	0.193252	0.238227	0.203320	0.212871	0.205674	0.226804	0.227106	
0.179577	0.195980	0.199170	0.163265	0.198630	0.217778	0.180147	0.196078	0.178404	0.190625	0.183908	0.137097	0.000000	0.178030	0.219595	0.222561	0.217910	0.219219	0.227273	0.189944	0.198473	0.200873	0.205128	0.184397	0.299242	0.194030	0.197802	0.162791	0.197452	0.230483	0.193833	0.181818	0.212418	0.172000	0.151515	0.227642	0.158273	0.196970	0.170306	0.175824	0.142857	0.158784	0.146853	0.175000	0.220833	0.173913	0.192073	0.182456	0.159722	0.190972	0.185654	0.187675	0.240000	0.251445	0.170868	0.213793	0.241176	0.174419	0.188679	0.187500	
0.201794	0.167742	0.158371	0.176471	0.204878	0.234637	0.201717	0.181818	0.222222	0.233333	0.173913	0.206478	0.178030	0.000000	0.268293	0.200000	0.221774	0.194139	0.227027	0.228571	0.153846	0.183784	0.201717	0.205426	0.181818	0.218182	0.242268	0.139241	0.256579	0.214634	0.252577	0.223938	0.252560	0.169492	0.174603	0.196364	0.190114	0.302905	0.224852	0.190141	0.214592	0.259516	0.201521	0.228840	0.272300	0.196721	0.227941	0.217241	0.198444	0.225092	0.192893	0.175781	0.139073	0.213793	0.225914	0.216102	0.231788	0.188119	0.204762	0.283186	
0.233463	0.246753	0.202186	0.199187	0.215569	0.219178	0.199346	0.202847	0.185185	0.266234	0.208661	0.225080	0.219595	0.268293	0.000000	0.288660	0.255814	0.240964	0.236715	0.248826	0.201681	0.207317	0.185714	0.233449	0.215311	0.190045	0.237548	0.185185	0.217778	0.238636	0.233766	0.224561	0.253918	0.218638	0.187215	0.211340	0.205534	0.252252	0.217021	0.191919	0.227612	0.203333	0.223270	0.215789	0.240175	0.243781	0.216828	0.271955	0.195205	0.244147	0.158192	0.202279	0.223837	0.224242	0.245570	0.206642	0.224138	0.226586	0.263514	0.266212	
0.262590	0.193182	0.183333	0.213710	0.222591	0.251064	0.217213	0.204545	0.155914	0.237500	0.240678	0.181416	0.222561	0.200000	0.288660	0.000000	0.203065	0.193038	0.205607	0.235294	0.155405	0.222222	0.225455	0.172414	0.250000	0.245833	0.211055	0.144231	0.247191	0.155477	0.284483	0.261538	0.223404	0.206897	0.188406	0.268293	0.161417	0.207843	0.200820	0.277512	0.222222	0.227129	0.242902	0.250746	0.227907	0.242152	0.225989	0.212000	0.225914	0.251880	0.253394	0.225627	0.218430	0.241573	0.254902	0.250936	0.224599	0.216327	0.257937	0.253333	
0.232484	0.185393	0.145299	0.200000	0.186207	0.179372	0.197026	0.218750	0.222222	0.205387	0.180258	0.182171	0.217910	0.221774	0.255814	0.203065	0.000000	0.230994	0.247312	0.238889	0.219178	0.206897	0.258197	0.234875	0.189873	0.199203	0.153846	0.187500	0.251309	0.230469	0.242537	0.217082	0.195046	0.193133	0.179104	0.238889	0.183453	0.233898	0.218391	0.237838	0.200873	0.217105	0.234483	0.175637	0.219917	0.225000	0.203390	0.201258	0.212230	0.227758	0.204545	0.183544	0.207921	0.221875	0.223214	0.198653	0.220930	0.181070	0.265560	0.226054	
0.247024	0.135922	0.155844	0.204969	0.186944	0.252669	0.169444	0.184358	0.193694	0.208914	0.191275	0.231013	0.219219	0.194139	0.240964	0.193038	0.230994	0.000000	0.218254	0.223744	0.189873	0.225694	0.169054	0.197568	0.164122	0.167224	0.252874	0.174797	0.189744	0.188119	0.288732	0.258721	0.233871	0.193772	0.218045	0.212919	0.232639	0.191781	0.184669	0.180617	0.217532	0.234637	0.231231	0.240363	0.256198	0.214844	0.200000	0.250674	0.209549	0.187311	0.140845	0.207500	0.245333	0.213568	0.221258	0.227545	0.239024	0.248201	0.212625	0.203822	
0.216495	0.165746	0.274074	0.169591	0.210526	0.273684	0.208092	0.225641	0.133858	0.221277	0.203704	0.232143	0.227273	0.227027	0.236715	0.205607	0.247312	0.218254	0.000000	0.241611	0.067227	0.161765	0.145000	0.185714	0.228261	0.253012	0.182857	0.234043	0.203252	0.220126	0.239130	0.234450	0.192140	0.212766	0.203125	0.224000	0.189189	0.220994	0.173653	0.219858	0.242647	0.219178	0.251208	0.250936	0.238806	0.181818	0.219048	0.173267	0.211207	0.235808	0.227723	0.222727	0.233184	0.190661	0.230216	0.243243	0.187970	0.227513	0.233129	0.276836	
0.230769	0.283333	0.239264	0.219101	0.222222	0.190789	0.202128	0.175824	0.171429	0.260090	0.221477	0.194286	0.189944	0.228571	0.248826	0.235294	0.238889	0.223744	0.241611	0.000000	0.225352	0.260000	0.173516	0.255682	0.254658	0.266667	0.235294	0.171875	0.266055	0.170732	0.248175	0.242424	0.206030	0.267045	0.227027	0.244000	0.118519	0.289474	0.233333	0.172727	0.255814	0.160622	0.228916	0.194139	0.237288	0.218487	0.206522	0.196429	0.170732	0.259259	0.235294	0.196721	0.268908	0.176991	0.250000	0.138211	0.184000	0.235808	0.260000	0.240741	
0.220588	0.140351	0.116071	0.186992	0.152000	0.195122	0.169492	0.163121	0.062500	0.171233	0.181102	0.184211	0.198473	0.153846	0.201681	0.155405	0.219178	0.189873	0.067227	0.225352	0.000000	0.140187	0.208092	0.162500	0.258741	0.198276	0.192000	0.139344	0.226804	0.139535	0.201613	0.183099	0.210084	0.220779	0.163043	0.178808	0.110236	0.234375	0.245098	0.231343	0.226087	0.274390	0.160305	0.204819	0.212121	0.212766	0.222892	0.227586	0.206522	0.240506	0.170000	0.162791	0.173913	0.170886	0.228571	0.205128	0.184000	0.181818	0.241071	0.215385	
0.196787	0.165468	0.205128	0.246637	0.199153	0.251309	0.210317	0.240964	0.188312	0.200000	0.197674	0.224806	0.200873	0.183784	0.207317	0.222222	0.206897	0.225694	0.161765	0.260000	0.140187	0.000000	0.208531	0.153409	0.178378	0.126697	0.226415	0.243056	0.237762	0.214575	0.190265	0.175926	0.223938	0.176166	0.143590	0.209386	0.192118	0.226496	0.228856	0.183544	0.247826	0.181070	0.192825	0.191781	0.191964	0.153846	0.159204	0.212014	0.214559	0.263682	0.201087	0.230483	0.223443	0.190141	0.180000	0.213710	0.174194	0.220657	0.228972	0.253589	
0.241525	0.142857	0.220833	0.174603	0.204013	0.199234	0.213287	0.234114	0.204167	0.243506	0.216028	0.214789	0.205128	0.201717	0.185714	0.225455	0.258197	0.169054	0.145000	0.173516	0.208092	0.208531	0.000000	0.182171	0.187251	0.203390	0.233813	0.217391	0.138365	0.152091	0.302521	0.223242	0.204013	0.190141	0.258197	0.188144	0.193431	0.164557	0.190311	0.161905	0.206642	0.213816	0.246575	0.225275	0.203540	0.176471	0.211009	0.223242	0.176623	0.234921	0.190476	0.200000	0.254386	0.232044	0.212938	0.216418	0.210526	0.246575	0.250896	0.230769	
0.236434	0.134615	0.156425	0.228972	0.163793	0.257576	0.160494	0.224409	0.223301	0.183099	0.186603	0.236162	0.184397	0.205426	0.233449	0.172414	0.234875	0.197568	0.185714	0.255682	0.162500	0.153409	0.182171	0.000000	0.219048	0.181416	0.209091	0.142857	0.215789	0.174528	0.256684	0.200730	0.215054	0.157676	0.175610	0.208459	0.197531	0.232727	0.203791	0.238889	0.225664	0.183871	0.181818	0.201238	0.177083	0.225000	0.178808	0.240283	0.187500	0.259649	0.165605	0.204947	0.235915	0.207483	0.220339	0.188462	0.201389	0.186916	0.239837	0.211155	
0.238281	0.200000	0.143460	0.182692	0.236607	0.211864	0.221719	0.192825	0.258824	0.237037	0.198276	0.215470	0.299242	0.181818	0.215311	0.250000	0.189873	0.164122	0.228261	0.254658	0.258741	0.178378	0.187251	0.219048	0.000000	0.181416	0.243781	0.187500	0.072993	0.216606	0.292308	0.239669	0.205426	0.152838	0.160428	0.174699	0.211207	0.232323	0.160714	0.110526	0.220994	0.196296	0.213439	0.220532	0.189189	0.218905	0.229839	0.227642	0.192453	0.251029	0.207865	0.280936	0.244898	0.178788	0.248322	0.210332	0.179641	0.237288	0.250000	0.206897	
0.245968	0.196532	0.174672	0.242798	0.208511	0.247573	0.185185	0.248120	0.210843	0.232558	0.203791	0.254717	0.194030	0.218182	0.190045	0.245833	0.199203	0.167224	0.253012	0.266667	0.198276	0.126697	0.203390	0.181416	0.181416	0.000000	0.207547	0.158228	0.150000	0.221831	0.172897	0.176724	0.167273	0.200000	0.108571	0.227692	0.195556	0.193694	0.216216	0.198473	0.222727	0.207547	0.167331	0.230769	0.254386	0.220000	0.186992	0.250000	0.219512	0.213389	0.179825	0.234043	0.224080	0.236934	0.190789	0.179916	0.250000	0.231579	0.243902	0.168269	
0.215686	0.213483	0.192308	0.236515	0.241107	0.241860	0.222628	0.233184	0.160622	0.267148	0.241860	0.199170	0.197802	0.242268	0.237548	0.211055	0.153846	0.252874	0.182857	0.235294	0.192000	0.226415	0.233813	0.209091	0.243781	0.207547	0.000000	0.166667	0.233766	0.186170	0.260274	0.228000	0.248148	0.262774	0.256039	0.254237	0.123529	0.178899	0.247899	0.234177	0.227488	0.243697	0.238683	0.242525	0.279570	0.228155	0.227053	0.254355	0.251799	0.243028	0.179487	0.248299	0.204082	0.223022	0.257576	0.227979	0.207317	0.226496	0.225225	0.251938	
0.206349	0.177515	0.106383	0.251029	0.176190	0.211454	0.173469	0.183575	0.176471	0.180258	0.167568	0.159763	0.162791	0.139241	0.185185	0.144231	0.187500	0.174797	0.234043	0.171875	0.139344	0.243056	0.217391	0.142857	0.187500	0.158228	0.166667	0.000000	0.263158	0.162791	0.284916	0.240566	0.264550	0.242152	0.197970	0.239382	0.162921	0.232394	0.216346	0.250000	0.217877	0.236715	0.203209	0.212121	0.216667	0.247525	0.227488	0.256039	0.193676	0.239264	0.166667	0.171053	0.223577	0.208696	0.243243	0.215470	0.177570	0.178295	0.202020	0.206573	
0.286517	0.196970	0.136000	0.188406	0.189744	0.248000	0.198582	0.235294	0.200000	0.220430	0.193548	0.243094	0.197452	0.256579	0.217778	0.247191	0.251309	0.189744	0.203252	0.266055	0.226804	0.237762	0.138365	0.215789	0.072993	0.150000	0.233766	0.263158	0.000000	0.160000	0.242647	0.215054	0.225989	0.135870	0.133803	0.184466	0.118881	0.270142	0.247619	0.206897	0.211009	0.215909	0.203390	0.253589	0.239437	0.232704	0.198795	0.302326	0.207792	0.259669	0.203883	0.240964	0.244681	0.219251	0.253112	0.251701	0.198347	0.179012	0.276471	0.283871	
0.235294	0.197802	0.176471	0.211382	0.221790	0.217195	0.164751	0.244980	0.141104	0.239700	0.236364	0.223684	0.230483	0.214634	0.238636	0.155477	0.230469	0.188119	0.220126	0.170732	0.139535	0.214575	0.152091	0.174528	0.216606	0.221831	0.186170	0.162791	0.160000	0.000000	0.269608	0.186147	0.216867	0.209091	0.213115	0.220290	0.148000	0.181034	0.188841	0.186747	0.238683	0.236749	0.240964	0.182131	0.232877	0.227027	0.180769	0.223048	0.184397	0.243902	0.204762	0.202091	0.224199	0.199336	0.222581	0.201581	0.255319	0.197917	0.199052	0.216495	
0.229572	0.274390	0.228571	0.235000	0.229008	0.220513	0.223077	0.237154	0.239631	0.202247	0.271357	0.241706	0.193833	0.252577	0.233766	0.284483	0.242537	0.288732	0.239130	0.248175	0.201613	0.190265	0.302521	0.256684	0.292308	0.172897	0.260274	0.284916	0.242647	0.269608	0.000000	0.111570	0.183761	0.275304	0.142045	0.245675	0.204444	0.286385	0.270718	0.250000	0.214286	0.264228	0.132841	0.197880	0.303030	0.241206	0.209016	0.267606	0.283843	0.267606	0.239796	0.250000	0.243056	0.249123	0.233898	0.235741	0.158228	0.203209	0.303318	0.279167	
0.207612	0.228916	0.221675	0.190871	0.222222	0.226337	0.208054	0.203883	0.192308	0.212219	0.153110	0.171053	0.181818	0.223938	0.224561	0.261538	0.217082	0.258721	0.234450	0.242424	0.183099	0.175926	0.223242	0.200730	0.239669	0.176724	0.228000	0.240566	0.215054	0.186147	0.111570	0.000000	0.184211	0.240143	0.205645	0.220109	0.210356	0.225000	0.229787	0.244726	0.153846	0.229032	0.185759	0.212366	0.264069	0.240000	0.220779	0.171340	0.209459	0.250000	0.193370	0.212291	0.235294	0.232687	0.212202	0.198502	0.171171	0.196970	0.243446	0.231293	
0.234114	0.209040	0.179167	0.189516	0.206780	0.235043	0.225705	0.237654	0.222222	0.207006	0.170819	0.238994	0.212418	0.252560	0.253918	0.223404	0.195046	0.233871	0.192140	0.206030	0.210084	0.223938	0.204013	0.215054	0.205426	0.167273	0.248148	0.264550	0.225989	0.216867	0.183761	0.184211	0.000000	0.240000	0.151261	0.180247	0.181818	0.236923	0.214022	0.201005	0.194245	0.194118	0.184848	0.229630	0.260223	0.219731	0.229167	0.173295	0.191950	0.260997	0.190244	0.209845	0.264624	0.221024	0.189394	0.191336	0.185792	0.205788	0.249042	0.204947	
0.261044	0.195833	0.179348	0.217573	0.197309	0.212670	0.215190	0.222222	0.259615	0.183673	0.223881	0.222222	0.172000	0.169492	0.218638	0.206897	0.193133	0.193772	0.212766	0.267045	0.220779	0.176166	0.190141	0.157676	0.152838	0.200000	0.262774	0.242152	0.135870	0.209091	0.275304	0.240143	0.240000	0.000000	0.219048	0.206997	0.177489	0.237736	0.250000	0.216749	0.242574	0.188088	0.171821	0.271642	0.279070	0.179104	0.195122	0.225256	0.229032	0.240143	0.127168	0.220000	0.202381	0.194842	0.224000	0.210117	0.186869	0.161017	0.271552	0.264925	
0.229665	0.246575	0.143678	0.233766	0.217391	0.253807	0.220000	0.196653	0.185393	0.208333	0.184466	0.218487	0.151515	0.174603	0.187215	0.188406	0.179104	0.218045	0.203125	0.227027	0.163043	0.143590	0.258197	0.175610	0.160428	0.108571	0.256039	0.197970	0.133803	0.213115	0.142045	0.205645	0.151261	0.219048	0.000000	0.219595	0.130841	0.245810	0.250000	0.188889	0.197479	0.161943	0.139423	0.187713	0.217143	0.197674	0.221757	0.208333	0.237903	0.186147	0.145038	0.231579	0.186851	0.245734	0.194888	0.211268	0.122449	0.148718	0.256757	0.178404	
0.217984	0.171429	0.145907	0.184049	0.255875	0.214984	0.208219	0.222222	0.206767	0.230198	0.189802	0.213068	0.227642	0.196364	0.211340	0.268293	0.238889	0.212919	0.224000	0.244000	0.178808	0.209386	0.188144	0.208459	0.174699	0.227692	0.254237	0.239382	0.184466	0.220290	0.245675	0.220109	0.180247	0.206997	0.219595	0.000000	0.213018	0.158470	0.125382	0.165385	0.235474	0.208443	0.198939	0.208791	0.238908	0.180556	0.215584	0.223958	0.186567	0.218130	0.194444	0.208889	0.209639	0.220225	0.230603	0.182073	0.214286	0.210692	0.221122	0.235988	
0.208000	0.140127	0.146789	0.176471	0.171548	0.214953	0.178988	0.217993	0.153846	0.174825	0.190698	0.132353	0.158273	0.190114	0.205534	0.161417	0.183453	0.232639	0.189189	0.118519	0.110236	0.192118	0.193431	0.197531	0.211207	0.195556	0.123529	0.162921	0.118881	0.148000	0.204444	0.210356	0.181818	0.177489	0.130841	0.213018	0.000000	0.215613	0.214660	0.220000	0.154150	0.179245	0.198697	0.175159	0.188285	0.241803	0.193103	0.189964	0.199262	0.195572	0.141509	0.137705	0.191781	0.213213	0.188119	0.201365	0.197605	0.193396	0.181416	0.221774	
0.230769	0.193370	0.215190	0.197115	0.217228	0.295455	0.233083	0.269784	0.236715	0.258555	0.237500	0.254717	0.196970	0.302905	0.252252	0.207843	0.233898	0.191781	0.220994	0.289474	0.234375	0.226496	0.164557	0.232727	0.232323	0.193694	0.178899	0.232394	0.270142	0.181034	0.286385	0.225000	0.236923	0.237736	0.245810	0.158470	0.215613	0.000000	0.131068	0.228723	0.172566	0.271875	0.251572	0.221607	0.222222	0.237069	0.235690	0.236111	0.204461	0.244300	0.219895	0.208191	0.245399	0.262195	0.251397	0.207018	0.235294	0.221374	0.201794	0.244000	
0.188034	0.182320	0.209459	0.190972	0.186722	0.191388	0.186620	0.200855	0.223776	0.220149	0.214876	0.192488	0.170306	0.224852	0.217021	0.200820	0.218391	0.184669	0.173653	0.233333	0.245098	0.228856	0.190311	0.203791	0.160714	0.216216	0.247899	0.216346	0.247619	0.188841	0.270718	0.229787	0.214022	0.250000	0.250000	0.125382	0.214660	0.131068	0.000000	0.175758	0.232456	0.202381	0.139640	0.196610	0.246377	0.228261	0.208494	0.182186	0.161290	0.174468	0.167939	0.216129	0.230769	0.224756	0.210366	0.193133	0.220000	0.203980	0.231884	0.156522	
0.247059	0.229814	0.161074	0.173684	0.241706	0.181818	0.235632	0.201970	0.224852	0.263830	0.210526	0.189320	0.175824	0.190141	0.191919	0.277512	0.237838	0.180617	0.219858	0.172727	0.231343	0.183544	0.161905	0.238889	0.110526	0.198473	0.234177	0.250000	0.206897	0.186747	0.250000	0.244726	0.201005	0.216749	0.188889	0.165385	0.220000	0.228723	0.175758	0.000000	0.237179	0.220779	0.235849	0.219409	0.176923	0.209877	0.238739	0.232143	0.184100	0.225664	0.169643	0.253394	0.265766	0.211111	0.229323	0.205742	0.201389	0.272152	0.227513	0.212121	
0.171103	0.220588	0.168421	0.186441	0.191011	0.228700	0.210714	0.178030	0.213115	0.200000	0.190476	0.146617	0.142857	0.214592	0.227612	0.222222	0.200873	0.217532	0.242647	0.255814	0.226087	0.247826	0.206642	0.225664	0.220994	0.222727	0.227488	0.217877	0.211009	0.238683	0.214286	0.153846	0.194245	0.242574	0.197479	0.235474	0.154150	0.172566	0.232456	0.237179	0.000000	0.231834	0.209738	0.167183	0.206731	0.192118	0.231618	0.150000	0.205224	0.211864	0.151832	0.169329	0.256966	0.211221	0.204142	0.175732	0.209677	0.215517	0.194215	0.198381	
0.276667	0.216590	0.232759	0.246212	0.185771	0.212000	0.229572	0.228188	0.241935	0.213650	0.231034	0.200617	0.158784	0.259516	0.203333	0.227129	0.217105	0.234637	0.219178	0.160622	0.274390	0.181070	0.213816	0.183871	0.196296	0.207547	0.243697	0.236715	0.215909	0.236749	0.264228	0.229032	0.194118	0.188088	0.161943	0.208443	0.179245	0.271875	0.202381	0.220779	0.231834	0.000000	0.207182	0.213740	0.230453	0.193182	0.215909	0.234604	0.236467	0.258900	0.167401	0.193820	0.238356	0.200495	0.195980	0.194888	0.204082	0.178295	0.216000	0.190840	
0.232143	0.238938	0.179245	0.188034	0.167260	0.186047	0.166078	0.232975	0.232227	0.186335	0.196429	0.235294	0.146853	0.201521	0.223270	0.242902	0.234483	0.231231	0.251208	0.228916	0.160305	0.192825	0.246575	0.181818	0.213439	0.167331	0.238683	0.203209	0.203390	0.240964	0.132841	0.185759	0.184848	0.171821	0.139423	0.198939	0.198697	0.251572	0.139640	0.235849	0.209738	0.207182	0.000000	0.202597	0.276680	0.180723	0.235955	0.239067	0.214286	0.216028	0.166667	0.225714	0.224377	0.241117	0.215426	0.174061	0.160173	0.159259	0.225000	0.197952	
0.200565	0.248945	0.174419	0.216763	0.135501	0.179310	0.168449	0.202740	0.197674	0.208333	0.210366	0.218391	0.175000	0.228840	0.215789	0.250746	0.175637	0.240363	0.250936	0.194139	0.204819	0.191781	0.225275	0.201238	0.220532	0.230769	0.242525	0.212121	0.253589	0.182131	0.197880	0.212366	0.229630	0.271642	0.187713	0.208791	0.175159	0.221607	0.196610	0.219409	0.167183	0.213740	0.202597	0.000000	0.254682	0.193662	0.207447	0.199519	0.233990	0.230159	0.151751	0.165877	0.236364	0.216590	0.218750	0.164596	0.193277	0.205521	0.224832	0.218935	
0.257576	0.211679	0.243523	0.208738	0.207254	0.177143	0.236111	0.259259	0.203704	0.183908	0.246445	0.237288	0.220833	0.272300	0.240175	0.227907	0.219917	0.256198	0.238806	0.237288	0.212121	0.191964	0.203540	0.177083	0.189189	0.254386	0.279570	0.216667	0.239437	0.232877	0.303030	0.264069	0.260223	0.279070	0.217143	0.238908	0.188285	0.222222	0.246377	0.176923	0.206731	0.230453	0.276680	0.254682	0.000000	0.281818	0.215139	0.252632	0.215909	0.301508	0.221591	0.221344	0.276515	0.239865	0.245552	0.179039	0.201183	0.187845	0.289720	0.278008	
0.209402	0.173611	0.187845	0.190045	0.192661	0.263636	0.184100	0.232759	0.218905	0.237354	0.183673	0.240741	0.173913	0.196721	0.243781	0.242152	0.225000	0.214844	0.181818	0.218487	0.212766	0.153846	0.176471	0.225000	0.218905	0.220000	0.228155	0.247525	0.232704	0.227027	0.241206	0.240000	0.219731	0.179104	0.197674	0.180556	0.241803	0.237069	0.228261	0.209877	0.192118	0.193182	0.180723	0.193662	0.281818	0.000000	0.215139	0.213768	0.175182	0.205761	0.222857	0.188235	0.241636	0.202206	0.183746	0.234818	0.276596	0.171598	0.174129	0.213439	
0.221843	0.255230	0.175676	0.200820	0.185714	0.199153	0.138340	0.241270	0.223301	0.219136	0.186047	0.257246	0.192073	0.227941	0.216828	0.225989	0.203390	0.200000	0.219048	0.206522	0.222892	0.159204	0.211009	0.178808	0.229839	0.186992	0.227053	0.227488	0.198795	0.180769	0.209016	0.220779	0.229167	0.195122	0.221757	0.215584	0.193103	0.235690	0.208494	0.238739	0.231618	0.215909	0.235955	0.207447	0.215139	0.215139	0.000000	0.229814	0.212575	0.190476	0.155556	0.207447	0.213450	0.193548	0.223377	0.186047	0.207207	0.226496	0.234528	0.197842	
0.205279	0.187845	0.225941	0.188889	0.182692	0.230189	0.204142	0.193452	0.271493	0.231975	0.204301	0.179710	0.182456	0.217241	0.271955	0.212000	0.201258	0.250674	0.173267	0.196429	0.227586	0.212014	0.223242	0.240283	0.227642	0.250000	0.254355	0.256039	0.302326	0.223048	0.267606	0.171340	0.173295	0.225256	0.208333	0.223958	0.189964	0.236111	0.182186	0.232143	0.150000	0.234604	0.239067	0.199519	0.252632	0.213768	0.229814	0.000000	0.215339	0.247788	0.204082	0.177596	0.230576	0.185864	0.201878	0.222222	0.194215	0.200000	0.242525	0.223242	
0.176030	0.209677	0.192825	0.205797	0.207483	0.209220	0.203279	0.213523	0.204545	0.265714	0.184127	0.174658	0.159722	0.198444	0.195205	0.225914	0.212230	0.209549	0.211207	0.170732	0.206522	0.214559	0.176623	0.187500	0.192453	0.219512	0.251799	0.193676	0.207792	0.184397	0.283843	0.209459	0.191950	0.229032	0.237903	0.186567	0.199262	0.204461	0.161290	0.184100	0.205224	0.236467	0.214286	0.233990	0.215909	0.175182	0.212575	0.215339	0.000000	0.175497	0.210256	0.210674	0.237960	0.191327	0.212346	0.179739	0.231111	0.217391	0.227612	0.237785	
0.246269	0.223602	0.189815	0.218487	0.194030	0.307359	0.181495	0.250825	0.231111	0.265517	0.244186	0.252595	0.190972	0.225092	0.244147	0.251880	0.227758	0.187311	0.235808	0.259259	0.240506	0.263682	0.234921	0.259649	0.251029	0.213389	0.243028	0.239264	0.259669	0.243902	0.267606	0.250000	0.260997	0.240143	0.186147	0.218130	0.195572	0.244300	0.174468	0.225664	0.211864	0.258900	0.216028	0.230159	0.301508	0.205761	0.190476	0.247788	0.175497	0.000000	0.186528	0.235127	0.244444	0.268617	0.250646	0.246429	0.277174	0.208955	0.221774	0.232143	
0.192661	0.140741	0.168269	0.147541	0.185185	0.189024	0.164948	0.175439	0.192308	0.194313	0.157635	0.204678	0.185654	0.192893	0.158192	0.253394	0.204545	0.140845	0.227723	0.235294	0.170000	0.201087	0.190476	0.165605	0.207865	0.179825	0.179487	0.166667	0.203883	0.204762	0.239796	0.193370	0.190244	0.127168	0.145038	0.194444	0.141509	0.219895	0.167939	0.169643	0.151832	0.167401	0.166667	0.151751	0.221591	0.222857	0.155556	0.204082	0.210256	0.186528	0.000000	0.190678	0.188000	0.243137	0.134884	0.188172	0.225225	0.135802	0.206667	0.224044	
0.212963	0.199134	0.173387	0.197232	0.141243	0.190840	0.146479	0.181538	0.222222	0.165663	0.200658	0.160256	0.187675	0.175781	0.202279	0.225627	0.183544	0.207500	0.222727	0.196721	0.162791	0.230483	0.200000	0.204947	0.280936	0.234043	0.248299	0.171053	0.240964	0.202091	0.250000	0.212291	0.209845	0.220000	0.231579	0.208889	0.137705	0.208191	0.216129	0.253394	0.169329	0.193820	0.225714	0.165877	0.221344	0.188235	0.207447	0.177596	0.210674	0.235127	0.190678	0.000000	0.209719	0.211538	0.194954	0.186709	0.186603	0.205797	0.189103	0.201320	
0.244713	0.210300	0.161943	0.203390	0.258786	0.213058	0.249275	0.220238	0.247967	0.235632	0.157706	0.213650	0.240000	0.139073	0.223837	0.218430	0.207921	0.245333	0.233184	0.268908	0.173913	0.223443	0.254386	0.235915	0.244898	0.224080	0.204082	0.223577	0.244681	0.224199	0.243056	0.235294	0.264624	0.202381	0.186851	0.209639	0.191781	0.245399	0.230769	0.265766	0.256966	0.238356	0.224377	0.236364	0.276515	0.241636	0.213450	0.230576	0.237960	0.244444	0.188000	0.209719	0.000000	0.223350	0.233708	0.195730	0.216102	0.187302	0.234657	0.242424	
0.237537	0.215768	0.179310	0.236842	0.204819	0.226804	0.180982	0.209809	0.245455	0.237968	0.193939	0.193252	0.251445	0.213793	0.224242	0.241573	0.221875	0.213568	0.190661	0.176991	0.170886	0.190141	0.232044	0.207483	0.178788	0.236934	0.223022	0.208696	0.219251	0.199336	0.249123	0.232687	0.221024	0.194842	0.245734	0.220225	0.213213	0.262195	0.224756	0.211111	0.211221	0.200495	0.241117	0.216590	0.239865	0.202206	0.193548	0.185864	0.191327	0.268617	0.243137	0.211538	0.223350	0.000000	0.263499	0.177143	0.161017	0.205479	0.229452	0.229032	
0.188011	0.184502	0.216000	0.219880	0.210526	0.234323	0.198953	0.211640	0.233051	0.206983	0.188272	0.238227	0.170868	0.225914	0.245570	0.254902	0.223214	0.221258	0.230216	0.250000	0.228571	0.180000	0.212938	0.220339	0.248322	0.190789	0.257576	0.243243	0.253112	0.222581	0.233898	0.212202	0.189394	0.224000	0.194888	0.230603	0.188119	0.251397	0.210366	0.229323	0.204142	0.195980	0.215426	0.218750	0.245552	0.183746	0.223377	0.201878	0.212346	0.250646	0.134884	0.194954	0.233708	0.263499	0.000000	0.220930	0.207469	0.231884	0.253482	0.203166	
0.210526	0.149254	0.173913	0.239819	0.181102	0.162602	0.151943	0.233813	0.259740	0.201413	0.205426	0.203320	0.213793	0.216102	0.206642	0.250936	0.198653	0.227545	0.243243	0.138211	0.205128	0.213710	0.216418	0.188462	0.210332	0.179916	0.227979	0.215470	0.251701	0.201581	0.235741	0.198502	0.191336	0.210117	0.211268	0.182073	0.201365	0.207018	0.193133	0.205742	0.175732	0.194888	0.174061	0.164596	0.179039	0.234818	0.186047	0.222222	0.179739	0.246429	0.188172	0.186709	0.195730	0.177143	0.220930	0.000000	0.132184	0.172222	0.281553	0.173554	
0.173184	0.193798	0.230263	0.213793	0.153005	0.193370	0.194737	0.181250	0.238095	0.208955	0.212121	0.212871	0.241176	0.231788	0.224138	0.224599	0.220930	0.239024	0.187970	0.184000	0.184000	0.174194	0.210526	0.201389	0.179641	0.250000	0.207317	0.177570	0.198347	0.255319	0.158228	0.171171	0.185792	0.186869	0.122449	0.214286	0.197605	0.235294	0.220000	0.201389	0.209677	0.204082	0.160173	0.193277	0.201183	0.276596	0.207207	0.194215	0.231111	0.277174	0.225225	0.186603	0.216102	0.161017	0.207469	0.132184	0.000000	0.163043	0.257143	0.238636	
0.180617	0.209581	0.152047	0.197970	0.204461	0.216667	0.213710	0.160000	0.207101	0.201413	0.206186	0.205674	0.174419	0.188119	0.226586	0.216327	0.181070	0.248201	0.227513	0.235808	0.181818	0.220657	0.246575	0.186916	0.237288	0.231579	0.226496	0.178295	0.179012	0.197917	0.203209	0.196970	0.205788	0.161017	0.148718	0.210692	0.193396	0.221374	0.203980	0.272152	0.215517	0.178295	0.159259	0.205521	0.187845	0.171598	0.226496	0.200000	0.217391	0.208955	0.135802	0.205797	0.187302	0.205479	0.231884	0.172222	0.163043	0.000000	0.243446	0.245833	
0.227074	0.247126	0.196891	0.219731	0.241758	0.228723	0.184100	0.213235	0.275132	0.258900	0.211712	0.226804	0.188679	0.204762	0.263514	0.257937	0.265560	0.212625	0.233129	0.260000	0.241071	0.228972	0.250896	0.239837	0.250000	0.243902	0.225225	0.202020	0.276471	0.199052	0.303318	0.243446	0.249042	0.271552	0.256757	0.221122	0.181416	0.201794	0.231884	0.227513	0.194215	0.216000	0.225000	0.224832	0.289720	0.174129	0.234528	0.242525	0.227612	0.221774	0.206667	0.189103	0.234657	0.229452	0.253482	0.281553	0.257143	0.243446	0.000000	0.266447	
0.217712	0.231579	0.179775	0.241667	0.222603	0.234310	0.221477	0.241497	0.262443	0.217252	0.173160	0.227106	0.187500	0.283186	0.266212	0.253333	0.226054	0.203822	0.276836	0.240741	0.215385	0.253589	0.230769	0.211155	0.206897	0.168269	0.251938	0.206573	0.283871	0.216495	0.279167	0.231293	0.204947	0.264925	0.178404	0.235988	0.221774	0.244000	0.156522	0.212121	0.198381	0.190840	0.197952	0.218935	0.278008	0.213439	0.197842	0.223242	0.237785	0.232143	0.224044	0.201320	0.242424	0.229032	0.203166	0.173554	0.238636	0.245833	0.266447	0.000000	
